accuracy: 0.9491525423728814
b_f1: 0.9662921348314608
b_precision: 0.9772727272727273
b_recall: 0.9555555555555556
m_f1: 0.896551724137931
m_precision: 0.8666666666666667
m_recall: 0.9285714285714286
