{accuracy: 0.9322033898305084, b_f1: 0.9512195121951219, b_precision: 0.9512195121951219,
  b_recall: 0.9512195121951219, m_f1: 0.8888888888888888, m_precision: 0.8888888888888888,
  m_recall: 0.8888888888888888}
