{accuracy: 0.7796610169491526, b_f1: 0.8571428571428571, b_precision: 0.8478260869565217,
  b_recall: 0.8666666666666667, m_f1: 0.5185185185185186, m_precision: 0.5384615384615384,
  m_recall: 0.5}
