{accuracy: 0.9152542372881356, b_f1: 0.9411764705882352, b_precision: 0.9090909090909091,
  b_recall: 0.975609756097561, m_f1: 0.8484848484848485, m_precision: 0.9333333333333333,
  m_recall: 0.7777777777777778}
