accuracy: 0.9661016949152542
b_f1: 0.9777777777777777
b_precision: 0.9777777777777777
b_recall: 0.9777777777777777
m_f1: 0.9285714285714286
m_precision: 0.9285714285714286
m_recall: 0.9285714285714286
