accuracy: 0.9152542372881356
b_f1: 0.9473684210526316
b_precision: 0.9183673469387755
b_recall: 0.9782608695652174
m_f1: 0.7826086956521738
m_precision: 0.9
m_recall: 0.6923076923076923
