accuracy: 0.864406779661017
b_f1: 0.9111111111111111
b_precision: 0.9318181818181818
b_recall: 0.8913043478260869
m_f1: 0.7142857142857142
m_precision: 0.6666666666666666
m_recall: 0.7692307692307693
