{accuracy: 0.7966101694915254, b_f1: 0.8695652173913044, b_precision: 0.851063829787234,
  b_recall: 0.8888888888888888, m_f1: 0.5384615384615384, m_precision: 0.5833333333333334,
  m_recall: 0.5}
